1   1443536
2   762221
3   513477
4   432383
5   467444
6   387288
7   344082
8   350347
9   370097
10   342353
11   386604
12   383480
13   371021
14   337684
15   354956
16   341986
17   346444
18   354529
19   354074
20   338618
30   354481
40   340664
50   324854
60   344710
70   362245
80   349964
90   357666
100   334836
110   367174
120   355752
130   359195
140   371216
150   365133
160   365040
170   377039
180   371974
190   362759
200   350502
210   381000
220   377050
230   366651
240   387072
250   365392
300   363764
350   378116
400   369527
450   384657
550   388640
650   392749
750   383598
850   398429
950   425637
1050   418759
1150   420499
1250   427427
1350   429666
1450   426559
1550   407029
1650   422914
1750   448525
1850   445462
1950   457763
2950   482175
3950   516132
4950   572385
5950   578173
6950   601356
7950   635643
8950   660315
9950   711523
10950   671175
11950   701418
12950   756431
13950   714497
14950   822802
15950   821552
16950   819594
17950   853842
18950   891510
19950   934307
29950   1288827
39950   1732072
