1   1269
2   611
3   509
4   438
5   471
6   519
7   535
8   491
9   555
10   570
11   653
12   671
13   689
14   692
15   750
16   741
17   882
27   1247
37   1601
47   2226
57   2547
67   2844
77   3067
87   3574
97   4075
107   4434
117   4724
127   5073
137   5553
147   6104
157   6295
167   6435
177   7060
187   7135
197   8253
207   7819
217   8171
227   8804
237   9323
247   9481
257   9388
357   13448
457   17267
557   22152
657   26559
757   34765
857   35118
957   36406
1057   38539
2057   79448
3057   123038
4057   162595
5057   205461
6057   243288
7057   305914
8057   323088
9057   372343
